000000000122092508300001
000000000122092512000001
000000000122092513000001
000000000123092508300001
000000000123092512000001
000000000123092513000001
000000000123092518000001
000000000124092508300001
000000000124092512000001
000000000124092513000001
000000000124092518000001
000000000125092508300001
000000000125092512000001
000000000125092518000001
000000000126092508300001
000000000126092512000001
000000000126092513000001
000000000126092518000001
000000000126092520000001
000000000127092508300001
000000000127092512000001
000000000127092513000001
000000000127092518000001
000000000128092508300001
000000000128092512000001
000000000128092518000001
000000000129092508300001
000000000129092512000001
000000000129092513000001
000000000129092518000001
000000000130092508300001
000000000130092512000001
000000000130092513000001
000000000130092518000001
000000000200000000122092508300001
000000000200000000122092512000001
000000000200000000122092513000001
000000000200000000122092518000001
000000000200000000123092508300001
000000000200000000123092513000001
000000000200000000123092518000001
000000000200000000124092508300001
000000000200000000124092512000001
000000000200000000124092513000001
000000000200000000124092518000001
000000000200000000125092508300001
000000000200000000125092512000001
000000000200000000125092513000001
000000000200000000125092518000001
000000000200000000125092520000001
