000000000122092509000001
000000000122092515000001
000000000122092516000001
000000000122092522100001
000000000123092508300001
000000000123092512000001
000000000123092513000001
000000000123092518000001
000000000124092508300001
000000000124092512000001
000000000124092513000001
000000000124092518000001
000000000125092508300001
000000000125092512000001
000000000125092513000001
000000000125092518000001
000000000126092508300001
000000000126092512000001
000000000126092513000001
000000000126092518000001
000000000127092508300001
000000000127092512000001
000000000127092513000001
000000000127092518000001
000000000128092508300001
000000000128092512000001
000000000128092513000001
000000000128092518000001
000000000129092508300001
000000000129092512000001
000000000129092513000001
000000000129092518000001
000000000130092508300001
000000000130092512000001
000000000130092513000001
000000000130092518000001
000000000131092508300001
000000000131092512000001
000000000131092513000001
000000000131092518000001
000000000132092508300001
000000000132092512000001
000000000132092513000001
000000000132092518000001
000000000133092508300001
000000000133092512000001
000000000133092513000001
000000000133092518000001
000000000134092508300001
000000000134092512000001
000000000134092513000001
000000000134092518000001
000000000135092508300001
000000000135092512000001
000000000135092513000001
000000000135092518000001
000000000136092508300001
000000000136092512000001
000000000136092513000001
000000000136092518000001
000000000137092508300001
000000000137092512000001
000000000137092513000001
000000000137092518000001
000000000138092508300001
000000000138092512000001
000000000138092513000001
000000000138092518000001
000000000139092508300001
000000000139092512000001
000000000139092513000001
000000000139092518000001
000000000140092508300001
000000000140092512000001
000000000140092513000001
000000000140092518000001
000000000141092508300001
000000000141092512000001
000000000141092513000001
000000000141092518000001
000000000142092508300001
000000000142092512000001
000000000142092513000001
000000000142092518000001
000000000143092508300001
000000000143092512000001
000000000143092513000001
000000000143092518000001
000000000144092508300001
000000000144092512000001
000000000144092513000001
000000000144092518000001
000000000145092508300001
000000000145092512000001
000000000145092513000001
000000000145092518000001
000000000146092508300001
000000000146092512000001
000000000146092513000001
000000000146092518000001
000000000147092508300001
000000000147092512000001
000000000147092513000001
000000000147092518000001
000000000148092508300001
000000000148092512000001
000000000148092513000001
000000000148092518000001
000000000149092508300001
000000000149092512000001
000000000149092513000001
000000000149092518000001
000000000150092508300001
000000000150092512000001
000000000150092513000001
000000000150092518000001
